0.0 22475
1.0 130848
2.0 41152
3.0 13940
4.0 9613
5.0 8240
6.0 7486
7.0 8211
8.0 8197
9.0 7795
10.0 7570
11.0 6744
12.0 7169
13.0 6409
14.0 6215
15.0 5497
16.0 4417
17.0 3760
18.0 3443
19.0 2926
20.0 2568
21.0 2259
22.0 1697
23.0 1502
24.0 1273
25.0 903
26.0 774
27.0 653
28.0 601
29.0 432
30.0 476
31.0 355
32.0 363
33.0 373
34.0 254
35.0 251
36.0 240
37.0 255
38.0 161
39.0 138
40.0 165
41.0 120
42.0 94
43.0 78
44.0 74
45.0 60
46.0 56
47.0 42
48.0 39
49.0 35
50.0 35
51.0 35
52.0 39
53.0 28
54.0 16
55.0 29
56.0 18
57.0 21
58.0 19
59.0 22
